N 6
P BishopPairBonus
P DiagonalMobilityBonus
P OrthogonalMobilityBonus
P DoubledPawnPenalty
P PassedPawnBonus
P IsolatedPawnPenalty
S        0                   55                  -24                  -51                   75                  -90                  -89 
S        1                   55                  -24                  -51                   75                  -90                  -89 
S        2                  -31                    5                   71                  -83                   78                   91 
S        3                  -31                    5                   71                  -83                   78                   91 
R        1 0
S        4                  -35                  -16                  -76                  -25                  -49                  -85 
R        2 0
S        5                  -35                  -16                  -76                  -25                  -49                  -85 
R        0 0
S        6                  -72                   24                  -83                  -59                    7                  100 
R        4 0
S        7                  -72                   24                  -83                  -59                    7                  100 
R        5 0
S        8                  -30                  -98                  -36                   10                  -36                   -6 
R        8 0
S        9                  -30                  -98                  -36                   10                  -36                   -6 
R        6 0
S       10                   22                   63                  -53                   86                    0                  -18 
R        9 0
S       11                   22                   63                  -53                   86                    0                  -18 
R        7 2
S       12                   53                   54                  -45                   62                   88                  -64 
R        3 0
S       13                   53                   54                  -45                   62                   88                  -64 
R       11 0
S       14                  -65                  -11                   39                  -94                   47                   98 
R       12 0
S       15                  -65                  -11                   39                  -94                   47                   98 
R       10 0
S       16                  -51                  -20                   77                  -94                   21                  -27 
R       16 1
S       17                  -51                  -20                   77                  -94                   21                  -27 
R       13 0
S       18                  147                   57                   44                   74                  -19                   75 
R       18 0
S       19                  147                   57                   44                   74                  -19                   75 
R       17 0
S       20                  -13                  -68                  -60                  -11                   47                   99 
R       15 0
S       21                  -13                  -68                  -60                  -11                   47                   99 
R       20 0
S       22                  133                  -17                  -49                   36                  -14                  -68 
R       21 0
S       23                  133                  -17                  -49                   36                  -14                  -68 
R       14 0
S       24                  -38                  -30                   49                  -43                  -62                   86 
R       22 0
S       25                  -38                  -30                   49                  -43                  -62                   86 
R       25 0
S       26                   33                   54                   65                   -1                   47                   57 
R       23 0
S       27                   33                   54                   65                   -1                   47                   57 
R       24 2
S       28                  100                   33                   92                  -26                  -43                   34 
R       19 2
S       29                  100                   33                   92                  -26                  -43                   34 
R       28 0
S       30                   10                  -28                  -45                   -7                   73                  -14 
R       29 0
S       31                   10                  -28                  -45                   -7                   73                  -14 
R       27 0
S       32                   57                    9                   56                    9                   20                  -30 
R       31 0
S       33                   57                    9                   56                    9                   20                  -30 
R       26 0
S       34                   68                   -5                  -74                  -95                   93                  -86 
R       30 0
S       35                   68                   -5                  -74                  -95                   93                  -86 
R       35 0
S       36                   60                   15                    5                  -86                   -4                   26 
R       34 0
S       37                   60                   15                    5                  -86                   -4                   26 
R       37 1
S       38                  109                   49                   54                  -64                   69                  -90 
R       38 1
S       39                  109                   49                   54                  -64                   69                  -90 
R       36 0
S       40                   31                   31                  -17                   93                   64                   15 
R       32 1
S       41                   31                   31                  -17                   93                   64                   15 
R       33 2
S       42                   78                  -29                   55                   69                   14                  -39 
R       39 0
S       43                   78                  -29                   55                   69                   14                  -39 
R       40 2
S       44                   71                  -34                   94                   31                  -33                   98 
R       43 0
S       45                   71                  -34                   94                   31                  -33                   98 
R       45 0
S       46                  -63                    4                   94                   27                    4                  -61 
R       44 2
S       47                  -63                    4                   94                   27                    4                  -61 
R       46 1
S       48                  -12                   -2                    5                   49                  -93                   18 
R       42 0
S       49                  -12                   -2                    5                   49                  -93                   18 
R       47 2
S       50                   24                   88                   25                   25                   59                   25 
R       41 1
S       51                   24                   88                   25                   25                   59                   25 
R       48 2
S       52                  -52                  -28                   39                  -50                   14                   91 
R       51 1
S       53                  -52                  -28                   39                  -50                   14                   91 
R       50 0
S       54                  -39                   43                  -35                  -21                   -8                  -26 
R       54 1
S       55                  -39                   43                  -35                  -21                   -8                  -26 
R       49 1
S       56                  -28                  -26                   -3                    0                  -14                  -43 
R       52 0
S       57                  -28                  -26                   -3                    0                  -14                  -43 
R       56 0
S       58                   51                  -14                    5                  -19                  -90                  -35 
R       53 1
S       59                   51                  -14                    5                  -19                  -90                  -35 
R       57 0
S       60                  -63                   38                  -21                   97                   -5                  -21 
R       58 0
S       61                  -63                   38                  -21                   97                   -5                  -21 
R       55 0
S       62                  137                   91                  -17                   72                   48                  -13 
R       62 0
S       63                  137                   91                  -17                   72                   48                  -13 
R       59 2
S       64                  -69                   63                   60                  -52                   69                  -98 
R       60 0
S       65                  -69                   63                   60                  -52                   69                  -98 
R       65 0
S       66                  -92                  -68                   99                  -23                  -43                  -21 
R       63 0
S       67                  -92                  -68                   99                  -23                  -43                  -21 
R       61 2
S       68                  -33                   17                  -58                  -86                    5                   38 
R       67 0
S       69                  -33                   17                  -58                  -86                    5                   38 
R       64 1
S       70                   -7                   94                    4                   30                  -70                   48 
R       68 2
S       71                   -7                   94                    4                   30                  -70                   48 
R       69 0
S       72                  -40                  -11                  -30                  -30                   55                   61 
R       66 0
S       73                  -40                  -11                  -30                  -30                   55                   61 
R       71 2
S       74                  -71                   11                  -20                   64                  -56                    0 
R       73 0
S       75                  -71                   11                  -20                   64                  -56                    0 
R       74 0
S       76                  -65                    0                   16                   96                   29                  -20 
R       72 0
S       77                  -65                    0                   16                   96                   29                  -20 
R       77 2
S       78                   85                   30                   49                   13                  -64                  -49 
R       70 0
S       79                   85                   30                   49                   13                  -64                  -49 
R       76 0
S       80                  -73                  -39                   24                   32                  -30                    2 
R       75 0
S       81                  -73                  -39                   24                   32                  -30                    2 
R       78 0
S       82                  125                   14                   -6                  -91                   25                  -87 
R       81 1
S       83                  125                   14                   -6                  -91                   25                  -87 
R       79 0
S       84                  -34                   71                    0                   28                   38                  -75 
R       84 0
S       85                  -34                   71                    0                   28                   38                  -75 
R       80 0
S       86                  -19                  -31                   15                  -18                  -39                  -26 
R       83 2
S       87                  -19                  -31                   15                  -18                  -39                  -26 
R       82 0
S       88                  -81                   96                  -31                    7                   50                   36 
R       86 0
S       89                  -81                   96                  -31                    7                   50                   36 
R       88 2
S       90                  -42                    0                   71                    5                  -46                   46 
R       87 0
S       91                  -42                    0                   71                    5                  -46                   46 
R       85 0
S       92                   -2                   71                   91                    7                   16                    4 
R       89 0
S       93                   -2                   71                   91                    7                   16                    4 
R       91 0
S       94                  -76                   58                   64                   -9                    5                  -96 
R       92 0
S       95                  -76                   58                   64                   -9                    5                  -96 
R       93 0
S       96                  -41                   51                   -6                   21                   87                   97 
R       94 0
S       97                  -41                   51                   -6                   21                   87                   97 
R       95 0
S       98                  -62                  -12                  -18                  -52                   38                   55 
R       90 0
S       99                  -62                  -12                  -18                  -52                   38                   55 
R       98 0
S      100                    0                   79                  -31                   94                  -79                   37 
R       99 0
S      101                    0                   79                  -31                   94                  -79                   37 
R       96 2
S      102                   51                  -70                   28                   75                  -51                   71 
R      100 0
S      103                   51                  -70                   28                   75                  -51                   71 
R      103 0
S      104                   85                    1                   35                  -71                   65                  -37 
R      101 0
S      105                   85                    1                   35                  -71                   65                  -37 
R      102 0
S      106                   97                  -17                   61                   40                   84                  -25 
R       97 0
S      107                   97                  -17                   61                   40                   84                  -25 
R      104 1
S      108                   91                   52                    5                   33                  -54                   82 
R      106 0
S      109                   91                   52                    5                   33                  -54                   82 
R      107 2
S      110                   12                   57                  -50                   36                  -27                   97 
R      110 0
S      111                   12                   57                  -50                   36                  -27                   97 
R      105 0
S      112                   79                   98                  -63                   45                  -49                   19 
R      108 2
S      113                   79                   98                  -63                   45                  -49                   19 
R      112 0
S      114                  105                   74                  -91                   80                   22                   67 
R      113 0
S      115                  105                   74                  -91                   80                   22                   67 
R      109 0
S      116                   63                  -21                   53                  -80                   49                  -71 
R      115 0
S      117                   63                  -21                   53                  -80                   49                  -71 
R      114 2
S      118                   32                    4                  -21                  -59                  -91                   69 
R      111 0
S      119                   32                    4                  -21                  -59                  -91                   69 
R      116 0
S      120                   61                   21                  -84                  -51                  -24                   92 
R      120 0
S      121                   61                   21                  -84                  -51                  -24                   92 
R      119 0
S      122                   75                   44                  -13                  -96                   41                  -17 
R      118 0
S      123                   75                   44                  -13                  -96                   41                  -17 
R      121 0
S      124                  109                   54                   29                   47                   73                   55 
R      117 0
S      125                  109                   54                   29                   47                   73                   55 
R      122 0
S      126                  133                   -2                   92                   46                   14                  -51 
R      123 0
S      127                  133                   -2                   92                   46                   14                  -51 
R      124 1
S      128                  103                   57                   33                   87                  -17                   50 
R      126 0
S      129                  103                   57                   33                   87                  -17                   50 
R      127 2
S      130                   -5                   22                   66                  -84                   58                   -4 
R      128 0
S      131                   -5                   22                   66                  -84                   58                   -4 
R      129 1
S      132                   52                   36                   10                   92                   80                   33 
R      125 0
S      133                   52                   36                   10                   92                   80                   33 
R      132 0
S      134                  -53                   66                  -47                   55                  -12                   55 
R      130 1
S      135                  -53                   66                  -47                   55                  -12                   55 
R      131 0
S      136                   27                   15                  -36                   87                   57                   68 
R      135 2
S      137                   27                   15                  -36                   87                   57                   68 
R      133 0
S      138                  -74                  -14                   69                  -93                   10                  -56 
R      136 0
S      139                  -74                  -14                   69                  -93                   10                  -56 
R      134 0
S      140                   42                   10                   32                   53                  -51                  -23 
R      137 0
S      141                   42                   10                   32                   53                  -51                  -23 
R      140 2
S      142                  149                   22                   40                    6                  -99                   10 
R      138 0
S      143                  149                   22                   40                    6                  -99                   10 
R      139 0
S      144                   24                   21                   70                    7                    7                   61 
R      142 2
S      145                   24                   21                   70                    7                    7                   61 
R      141 1
S      146                   -7                   38                  -63                   83                  -79                   69 
R      144 0
S      147                   -7                   38                  -63                   83                  -79                   69 
R      143 0
S      148                   35                    0                   51                  -51                   78                  -41 
R      147 0
S      149                   35                    0                   51                  -51                   78                  -41 
R      146 0
S      150                  -20                   -4                   44                   26                   13                  -26 
R      145 0
S      151                  -20                   -4                   44                   26                   13                  -26 
R      150 0
S      152                    4                   39                   20                  -18                   -3                   11 
R      148 0
S      153                    4                   39                   20                  -18                   -3                   11 
R      152 1
S      154                   31                   -6                   65                  -11                   81                  -42 
R      149 0
S      155                   31                   -6                   65                  -11                   81                  -42 
R      151 1
S      156                  112                   83                   52                   88                   18                   38 
R      155 0
S      157                  112                   83                   52                   88                   18                   38 
R      154 2
S      158                   -5                   38                   73                  -80                   49                  -94 
R      153 0
S      159                   -5                   38                   73                  -80                   49                  -94 
R      159 1
S      160                    9                   10                    2                   33                   22                   22 
R      158 0
S      161                    9                   10                    2                   33                   22                   22 
R      156 0
S      162                  128                   15                  -23                   15                  -37                   32 
R      160 0
S      163                  128                   15                  -23                   15                  -37                   32 
R      163 0
S      164                  -58                   81                   -8                   16                   90                   80 
R      164 0
S      165                  -58                   81                   -8                   16                   90                   80 
R      162 0
S      166                   50                  -21                   26                   27                  -69                  -52 
R      157 0
S      167                   50                  -21                   26                   27                  -69                  -52 
R      161 0
S      168                   79                   81                  -13                    3                   -1                   27 
R      167 0
S      169                   79                   81                  -13                    3                   -1                   27 
R      165 0
S      170                   72                   52                   -8                   98                   20                  -16 
R      166 2
S      171                   72                   52                   -8                   98                   20                  -16 
R      168 0
S      172                  -59                   32                   74                   93                  -71                    5 
R      169 0
S      173                  -59                   32                   74                   93                  -71                    5 
R      171 0
S      174                   67                   39                   49                   58                   49                  -84 
R      172 0
S      175                   67                   39                   49                   58                   49                  -84 
R      170 0
S      176                   24                   13                  -33                  -17                   -4                   68 
R      176 0
S      177                   24                   13                  -33                  -17                   -4                   68 
R      175 0
S      178                  -36                   36                   28                   66                   47                  -26 
R      177 0
S      179                  -36                   36                   28                   66                   47                  -26 
R      174 2
S      180                   38                   56                  -78                  -33                   49                   96 
R      173 0
S      181                   38                   56                  -78                  -33                   49                   96 
R      180 0
S      182                  -20                   -4                   53                   47                   37                  -92 
R      178 0
S      183                  -20                   -4                   53                   47                   37                  -92 
R      181 0
S      184                  -85                  -23                   63                   94                  -49                  -10 
R      184 0
S      185                  -85                  -23                   63                   94                  -49                  -10 
R      182 0
S      186                  -16                   55                   65                   31                   62                   -2 
R      179 0
S      187                  -16                   55                   65                   31                   62                   -2 
R      183 0
S      188                   -4                  -47                   67                  -24                 -100                   79 
R      185 0
S      189                   -4                  -47                   67                  -24                 -100                   79 
R      188 0
S      190                  -39                   -8                   11                  -37                  -84                   -4 
R      187 0
S      191                  -39                   -8                   11                  -37                  -84                   -4 
R      191 2
S      192                  126                   80                   59                  -88                   77                  -13 
R      192 0
S      193                  126                   80                   59                  -88                   77                  -13 
R      186 0
S      194                  109                  -14                   94                   37                   12                  -75 
R      190 2
S      195                  109                  -14                   94                   37                   12                  -75 
R      193 2
S      196                  -10                   26                   96                   83                   82                  -67 
R      195 0
S      197                  -10                   26                   96                   83                   82                  -67 
R      194 0
S      198                  137                   39                   46                   75                  -85                   45 
R      189 0
S      199                  137                   39                   46                   75                  -85                   45 
R      196 0
S      200                  -46                  -35                   65                   91                  -69                  -43 
R      200 0
S      201                  -46                  -35                   65                   91                  -69                  -43 
R      198 0
S      202                   70                   37                   92                   24                  -68                   37 
R      199 0
S      203                   70                   37                   92                   24                  -68                   37 
R      197 0
S      204                  -88                   10                    9                  -49                   11                  -59 
R      204 1
S      205                  -88                   10                    9                  -49                   11                  -59 
R      201 0
S      206                   29                  -18                   59                  -32                  -83                  -55 
R      205 1
S      207                   29                  -18                   59                  -32                  -83                  -55 
R      203 0
S      208                   71                  -21                   51                   -4                  -84                  -29 
R      202 0
S      209                   71                  -21                   51                   -4                  -84                  -29 
R      207 0
S      210                  103                  -38                   89                   28                    3                   16 
R      206 0
S      211                  103                  -38                   89                   28                    3                   16 
R      210 0
S      212                  -95                   25                   12                   53                  -30                    5 
R      211 0
S      213                  -95                   25                   12                   53                  -30                    5 
R      212 1
S      214                   -7                   21                   -7                  -74                   -9                   88 
R      208 2
S      215                   -7                   21                   -7                  -74                   -9                   88 
R      209 0
S      216                  -27                   28                  -32                  -62                  -77                   64 
R      213 2
S      217                  -27                   28                  -32                  -62                  -77                   64 
R      216 0
S      218                  116                   50                   26                  -66                   70                  -26 
R      214 1
S      219                  116                   50                   26                  -66                   70                  -26 
R      215 0
S      220                  -34                   67                   10                    0                  -24                   -5 
R      220 1
S      221                  -34                   67                   10                    0                  -24                   -5 
R      217 2
S      222                   17                  -23                   82                  -33                  -57                   27 
R      221 2
S      223                   17                  -23                   82                  -33                  -57                   27 
R      222 0
S      224                  -34                   64                  -29                  -69                   -7                   24 
R      218 0
S      225                  -34                   64                  -29                  -69                   -7                   24 
R      224 1
S      226                  -45                    9                   -6                  -63                  -59                  -10 
R      223 0
S      227                  -45                    9                   -6                  -63                  -59                  -10 
R      219 1
S      228                  -89                   46                  -46                  -99                   78                  -36 
R      225 0
S      229                  -89                   46                  -46                  -99                   78                  -36 
R      228 0
S      230                  -78                   22                   57                   15                  -13                   12 
R      227 0
S      231                  -78                   22                   57                   15                  -13                   12 
R      226 2
S      232                  -54                   94                   11                  -90                  -11                  -40 
R      230 1
S      233                  -54                   94                   11                  -90                  -11                  -40 
R      229 0
S      234                  -50                   56                  -29                   29                  -33                   37 
R      231 1
S      235                  -50                   56                  -29                   29                  -33                   37 
R      232 0
S      236                   83                   39                   -1                  -46                    7                  -26 
R      236 1
S      237                   83                   39                   -1                  -46                    7                  -26 
R      234 0
S      238                  112                   23                   -7                   89                  -38                   -9 
R      233 0
S      239                  112                   23                   -7                   89                  -38                   -9 
R      237 0
S      240                  -94                   90                   65                  -88                   37                  -73 
R      238 0
S      241                  -94                   90                   65                  -88                   37                  -73 
R      240 0
S      242                  -76                   88                   11                  -16                  -69                   49 
R      235 0
S      243                  -76                   88                   11                  -16                  -69                   49 
R      239 2
S      244                  -29                   83                    2                   35                  -27                    9 
R      241 1
S      245                  -29                   83                    2                   35                  -27                    9 
R      242 0
S      246                   79                   -2                   59                   56                  -86                  -45 
