N 6
P BishopPairBonus
P DiagonalMobilityBonus
P OrthogonalMobilityBonus
P DoubledPawnPenalty
P PassedPawnBonus
P IsolatedPawnPenalty
S        0                   62                   19                   12                   87                    5                    5 
R        0 0
S        1                   62                   19                   12                   87                    5                    5 
R        1 0
S        2                    7                    0                   12                   87                    5                    5 
R        2 0
S        3                    7                    0                   12                   87                    5                    5 
R        3 2
S        4                   15                   26                   43                    8                   89                   71 
R        4 2
S        5                   15                   26                   43                    8                   89                   71 
R        5 0
S        6                   41                   21                    6                   31                   25                    7 
R        6 1
S        7                   41                   21                    6                   31                   25                    7 
R        7 2
S        8                   11                   31                   42                   86                   53                  100 
R        8 1
S        9                   11                   31                   42                   86                   53                  100 
R        9 0
S       10                   28                    6                    5                   55                   32                   47 
R       10 2
S       11                   28                    6                    5                   55                   32                   47 
R       11 0
S       12                   49                    4                   11                   31                   46                   41 
R       12 0
S       13                   49                    4                   11                   31                   46                   41 
R       13 1
S       14                   61                   39                   14                   18                   30                   18 
R       14 2
S       15                   61                   39                   14                   18                   30                   18 
R       15 2
S       16                   14                    6                    3                    3                   74                   17 
R       16 1
S       17                   14                    6                    3                    3                   74                   17 
R       17 0
S       18                   20                   20                   45                   62                   35                   37 
R       18 1
S       19                   20                   20                   45                   62                   35                   37 
R       19 0
S       20                   99                   49                   36                   87                   90                   88 
R       20 1
S       21                   99                   49                   36                   87                   90                   88 
R       21 1
S       22                   35                    5                    8                   45                    8                   20 
R       22 1
S       23                   35                    5                    8                   45                    8                   20 
R       23 0
S       24                   18                   40                   13                   68                   43                   16 
R       24 0
S       25                   18                   40                   13                   68                   43                   16 
R       25 0
S       26                   90                   17                   11                   28                   59                   93 
R       26 1
S       27                   90                   17                   11                   28                   59                   93 
R       27 0
S       28                   53                    7                   41                   49                   74                   21 
R       28 0
S       29                   53                    7                   41                   49                   74                   21 
R       29 1
S       30                   80                   33                   42                   18                   28                   67 
R       30 0
S       31                   80                   33                   42                   18                   28                   67 
R       31 0
S       32                   44                   18                   14                   22                   52                   43 
R       32 0
S       33                   44                   18                   14                   22                   52                   43 
R       33 2
S       34                   63                   27                   14                   55                   85                   35 
R       34 0
S       35                   63                   27                   14                   55                   85                   35 
R       35 0
S       36                   67                   24                   14                    2                   72                    7 
R       36 0
S       37                   67                   24                   14                    2                   72                    7 
R       37 2
S       38                   64                   29                   11                    8                    1                   15 
R       38 2
S       39                   64                   29                   11                    8                    1                   15 
R       39 1
S       40                   84                   38                    0                   18                    2                   16 
R       40 0
S       41                   84                   38                    0                   18                    2                   16 
R       41 0
S       42                    4                   33                   21                   11                   24                   28 
R       42 0
S       43                    4                   33                   21                   11                   24                   28 
R       43 0
S       44                   21                   27                   39                   85                   57                   31 
R       44 2
S       45                   21                   27                   39                   85                   57                   31 
R       45 0
S       46                   52                   16                   49                   66                   33                   99 
R       46 1
S       47                   52                   16                   49                   66                   33                   99 
R       47 1
S       48                   15                   26                   49                   64                   72                   79 
R       48 0
S       49                   15                   26                   49                   64                   72                   79 
R       49 2
S       50                   35                   25                   26                   64                   73                   95 
R       50 1
S       51                   35                   25                   26                   64                   73                   95 
R       51 2
S       52                   74                   47                   31                   54                   80                   88 
R       52 1
S       53                   74                   47                   31                   54                   80                   88 
R       53 0
S       54                   41                   44                   35                   43                   97                   96 
R       54 0
S       55                   41                   44                   35                   43                   97                   96 
R       55 1
S       56                   59                    2                   16                   89                   95                   71 
R       56 0
S       57                   59                    2                   16                   89                   95                   71 
R       57 0
S       58                   29                   50                   47                   50                   43                   29 
R       58 0
S       59                   29                   50                   47                   50                   43                   29 
R       59 0
S       60                   61                   29                   32                   41                   57                   46 
R       60 0
S       61                   61                   29                   32                   41                   57                   46 
R       61 0
S       62                   14                   26                   20                    1                   47                   97 
R       62 0
S       63                   14                   26                   20                    1                   47                   97 
R       63 2
S       64                   53                    6                   44                   86                   99                   93 
R       64 2
S       65                   53                    6                   44                   86                   99                   93 
R       65 1
S       66                   24                   41                   37                   93                   87                   84 
R       66 2
S       67                   24                   41                   37                   93                   87                   84 
R       67 0
S       68                   73                    8                   48                   38                   76                   40 
R       68 2
S       69                   73                    8                   48                   38                   76                   40 
R       69 1
S       70                  100                   50                    3                   86                   52                   76 
R       70 1
S       71                  100                   50                    3                   86                   52                   76 
R       71 2
S       72                   37                    5                   35                   38                   15                   74 
R       72 0
S       73                   37                    5                   35                   38                   15                   74 
R       73 0
S       74                   24                    1                   50                   87                   16                   41 
R       74 0
S       75                   24                    1                   50                   87                   16                   41 
R       75 0
S       76                   84                   28                   36                   82                   22                    1 
R       76 0
S       77                   84                   28                   36                   82                   22                    1 
R       77 0
S       78                   47                    0                   46                   98                   65                   91 
R       78 0
S       79                   47                    0                   46                   98                   65                   91 
R       79 0
S       80                   74                    1                   21                   96                   18                   94 
R       80 0
S       81                   74                    1                   21                   96                   18                   94 
R       81 0
S       82                   60                   15                   31                   31                   35                   38 
R       82 2
S       83                   60                   15                   31                   31                   35                   38 
R       83 1
S       84                   90                   31                   23                    5                   55                   53 
R       84 0
S       85                   90                   31                   23                    5                   55                   53 
R       85 1
S       86                   26                   10                   45                   36                   61                   25 
R       86 1
S       87                   26                   10                   45                   36                   61                   25 
R       87 0
S       88                   32                   17                   29                   41                   30                   50 
R       88 2
S       89                   32                   17                   29                   41                   30                   50 
R       89 2
S       90                   45                   49                   13                   61                   75                   98 
R       90 0
S       91                   45                   49                   13                   61                   75                   98 
R       91 0
S       92                   53                   25                   43                   52                   68                   73 
R       92 0
S       93                   53                   25                   43                   52                   68                   73 
R       93 0
S       94                   84                   24                   48                   53                   58                   65 
R       94 0
S       95                   84                   24                   48                   53                   58                   65 
R       95 1
S       96                   72                    4                   41                   45                   52                    2 
R       96 2
S       97                   72                    4                   41                   45                   52                    2 
R       97 1
S       98                   84                   45                   12                   61                   94                   99 
R       98 0
S       99                   84                   45                   12                   61                   94                   99 
R       99 0
S      100                   15                   22                    9                   24                    5                   30 
R      100 0
S      101                   15                   22                    9                   24                    5                   30 
R      101 1
S      102                   40                   14                   50                   97                   57                   69 
R      102 1
S      103                   40                   14                   50                   97                   57                   69 
R      103 0
S      104                   90                   37                   32                   88                   24                   86 
R      104 0
S      105                   90                   37                   32                   88                   24                   86 
R      105 1
S      106                   74                    0                   34                   14                    3                   32 
R      106 1
S      107                   74                    0                   34                   14                    3                   32 
R      107 0
S      108                   79                   21                   40                   70                   92                   73 
R      108 0
S      109                   79                   21                   40                   70                   92                   73 
R      109 0
S      110                   21                   21                   26                   37                   23                    8 
R      110 1
S      111                   21                   21                   26                   37                   23                    8 
R      111 2
S      112                   80                   39                   12                   62                   37                   99 
R      112 0
S      113                   80                   39                   12                   62                   37                   99 
R      113 2
S      114                   72                    6                   14                    7                   25                   14 
R      114 2
S      115                   72                    6                   14                    7                   25                   14 
R      115 1
S      116                   82                   44                    2                   90                   61                   83 
R      116 0
S      117                   82                   44                    2                   90                   61                   83 
R      117 0
S      118                   65                   13                   38                   68                   75                   95 
R      118 0
S      119                   65                   13                   38                   68                   75                   95 
R      119 2
S      120                   24                   11                   43                   20                    4                    7 
R      120 2
S      121                   24                   11                   43                   20                    4                    7 
R      121 1
S      122                   65                   30                    4                   24                   38                   10 
R      122 0
S      123                   65                   30                    4                   24                   38                   10 
R      123 1
S      124                   67                    7                   39                    2                   71                    4 
R      124 0
S      125                   67                    7                   39                    2                   71                    4 
R      125 2
S      126                   90                   49                   21                   94                   29                   78 
R      126 0
S      127                   90                   49                   21                   94                   29                   78 
R      127 0
S      128                   93                   25                   40                   27                   17                   94 
R      128 0
S      129                   93                   25                   40                   27                   17                   94 
R      129 1
S      130                   12                   16                    1                   12                   41                   13 
R      130 0
S      131                   12                   16                    1                   12                   41                   13 
R      131 1
S      132                   31                   17                   42                    8                   22                   48 
R      132 2
S      133                   31                   17                   42                    8                   22                   48 
R      133 0
S      134                   62                    1                   27                   11                   65                   13 
R      134 0
S      135                   62                    1                   27                   11                   65                   13 
